exclusion_zips.txt

98002
60628
48224
75216
19133
11212
78207
33142
90011
48205
10453
92154
79907
77093
11226
90044
60621
19140
78228
48234
10456
60623
75211
33169
90003
77078
11207
19134
79905
92173
10458
60617
48204
75241
33147
90037
77051
11208
19132
78237
48215
10468
60629
75243
33162
90026
77081
11233
19141
78221
48227
10452
60632
75217
33125
90059
77088
11236
19143
78223
48203
10457
60636
75224
33127
90047
77028
11203
19144
78227
48206
10459
60639
75228
33134
90062
77015
11206
19145
78242
48208
10460
60644
75232
33142
90001
77093
11212
19146
78250
48212
10461
60649
75233
33150
90002
77004
11221
19148
78251
48214
10462
60651
75237
33165
90004
77009
11225
19122
78252
48216
10463
60653
75240
33168
90005
77011
11216
19123
78254
48221
10464
60654
75246
33176
90006
77012
11213
19124
78256
48223
10465
60655
75249
33178
90007
77016
11214
19125
78257
48226
10466
60656
75253
33182
90008
77018
11215
19126
78258
48229
10467
60657
75260
33183
90009
77020
11218
19127
78259
48235
10469
60659
75261
33184
90010
77022
11219
19128
78260
48238
10470
60660
75266
33186
90012
77024
11220
19129
78264
48239
10471
60661
75270
33187
90013
77026
11222
19130
78266
48243
10472
60663
75275
33189
90014
77027
11223
19131
78268
48267
10473
60664
75284
33190
90015
77029
11224
19137
78270
48268
10474
60666
75285
33193
90016
77030
11228
19138
78278
48275
10475
60668
75287
33194
90017
77032
11229
19139
78279
48279
10455
60609
75210
33136
90022
77034
11230
19121
78280
48201
60610
75212
33138
90023
77035
11231
19104
78283
48202
60611
75214
33140
90024
77036
11232
19102
78285
48207
60612
75215
33141
90025
77037
11234
19103
78288
48209
60613
75218
33144
90027
77038
11235
19106
78289
48211
60614
75219
33145
90028
77039
11237
19107
78291
48213
60615
75220
33155
90029
77040
11238
19111
78292
48217
60616
75225
33156
90031
77041
11239
19114
78293
48219
60618
75226
33157
90032
77042
11201
19115
78294
48220
60619
75227
33158
90033
77043
11204
19116
78295
48222
60620
75229
33160
90034
77044
11205
19118
78296
48225
60622
75230
33161
90035
77045
11209
19119
78297
48228
60623
75231
33163
90036
77046
11210
19120
78298
48230
60624
75234
33164
90038
77047
11211
19140
78299
48231
60625
75235
33166
90039
77048
11217
19104
78332
48232
60626
75236
33167
90040
77049
11226
19105
78336
48233
60627
75238
33169
90041
77050
11227
19106
78338
48236
60628
75239
33170
90042
77052
11201
19107
78340
48237
60629
75242
33172
90043
77053
11202
19108
78341
48240
60630
75244
33173
90044
77054
11203
19109
78342
48241
60631
75245
33174
90045
77055
11204
19110
78343
48242
60632
75247
33175
90046
77056
11205
19111
78344
48244
60633
75248
33177
90048
77057
11206
19112
78345
48255
60634
75251
33179
90049
77058
11207
19113
78346
48260
60637
75252
33180
90050
77059
11208
19114
78347
48264
60638
75254
33181
90051
77060
11209
19115
78348
48265
60640
75255
33185
90052
77061
11210
19116
78349
48266
60641
75256
33188
90053
77062
11211
19117
78350
48269
60642
75257
33191
90054
77063
11212
19118
78351
48272
60643
75258
33192
90055
77064
11213
19119
78352
48277
60645
75259
33195
90056
77065
11214
19120
78353
48278
60646
75262
33196
90057
77066
11215
19121
78354
48288
60647
75263
33197
90058
77067
11216
19122
78355
48302
60648
75264
33198
90059
77068
11217
19123
78356
48304
60650
75265
33199
90060
77069
11218
19124
78357
48307
60652
75267
33206
90061
77070
11219
19125
78358
48309
60656
75268
33222
90062
77071
11220
19126
78359
48317
60657
75269
33233
90063
77072
11221
19127
78360
48320
60658
75271
33234
90064
77073
11222
19128
78361
48322
60659
75272
33238
90065
77074
11223
19129
78362
48324
60660
75273
33242
90066
77075
11224
19130
78363
48326
60661
75274
33243
90067
77076
11225
19131
78364
48327
60664
75276
33245
90068
77077
11226
19132
78365
48328
60666
75277
33247
90069
77079
11227
19133
78366
48329
60668
75278
33255
90070
77080
11228
19134
78367
48331
60669
75279
33256
90071
77082
11229
19135
78368
48333
60670
75280
33257
90072
77083
11230
19136
78369
48334
60673
75281
33261
90073
77084
11231
19137
78370
48335
60674
75282
33265
90074
77085
11232
19138
78371
48336
60675
75283
33266
90075
77086
11233
19139
78372
48340
60677
75286
33269
90076
77087
11234
19140
78373
48341
60678
75288
33280
90077
77089
11235
19141
78374
48342
60680
75295
33283
90078
77090
11236
19142
78375
48346
60681
75201
33296
90079
77091
11237
19143
78376
48348
60682
75202
33304
90080
77092
11238
19144
78377
48350
60684
75203
33309
90081
77094
11239
19145
78378
48356
60685
75204
33311
90082
77095
11201
19146
78379
48357
60686
75205
33312
90083
77096
11202
19147
78380
48359
60687
75206
33313
90084
77098
11203
19148
78381
48360
60688
75207
33314
90085
77099
11204
19149
78382
48362
60689
75208
33315
90086
77201
11205
19150
78383
48363
60690
75209
33316
90087
77202
11206
19151
78384
48367
60691
75210
33317
90088
77203
11207
19152
78385
48370
60693
75211
33318
90089
77204
11208
19153
78386
48371
60694
75212
33319
90090
77205
11209
19154
78387
48374
60695
75213
33320
90091
77206
11210
19155
78388
48375
60696
75214
33321
90092
77207
11211
19156
78389
48377
60697
75215
33322
90093
77208
11212
19157
78390
48380
60698
75216
33323
90094
77209
11213
19158
78391
48381
60699
75217
33324
90095
77210
11214
19159
78392
48382
60701
75218
33325
90096
77212
11215
19160
78393
48383
60706
75219
33326
90097
77213
11216
19161
78394
48386
60707
75220
33327
90098
77215
11217
19162
78395
48390
60712
75221
33328
90099
77216
11218
19163
78396
48393
60714
75222
33329
90100
77217
11219
19164
78397
48397
60803
75223
33330
90101
77218
11220
19165
78398
48401
60804
75224
33331
90102
77219
11221
19166
78399
48412
60805
75225
33332
90103
77220
11222
19167
78400
48413
60827
75226
33334
90104
77221
11223
19168
78401
48414
60901
75227
33355
90105
77222
11224
19169
78402
48415
60910
75228
90106
77223
11225
19170
78403
48416
60911
75229
90107
77224
11226
19171
78404
48417
60912
75230
90108
77225
11227
19172
78405
48418
60913
75231
90109
77226
11228
19173
78406
48419
60914
75232
90110
77227
11229
19174
78407
48420
60915
75233
90111
77228
11230
19175
78408
48421
60917
75234
90112
77229
11231
19176
78409
48422
60918
75235
90113
77230
11232
19177
78410
48423
60919
75236
90114
77231
11233
19178
78411
48426
60920
75237
90115
77232
11234
19179
78412
48427
60921
75238
90116
77233
11235
19180
78413
48428
60922
75239
90117
77234
11236
19181
78414
48429
60924
75240
90118
77235
11237
19182
78415
48430
60927
75241
90119
77236
11238
19183
78416
48432
60928
75242
90120
77237
11239
19184
78417
48433
60929
75243
90121
77238
11201
19185
78418
48435
60930
75244
90122
77239
11202
19186
78419
48436
60931
75245
90123
77240
11203
19187
78420
48437
60932
75246
90124
77241
11204
19188
78421
48438
60933
75247
90125
77242
11205
19189
78422
48439
60934
75248
90126
77243
11206
19190
78423
48440
60935
75249
90127
77244
11207
19191
78424
48441
60936
75250
90128
77245
11208
19192
78425
48442
60938
75251
90129
77246
11209
19193
78426
48444
60939
75252
90130
77247
11210
19194
78427
48445
60940
75253
90131
77248
11211
19195
78428
48446
60941
75254
90132
77249
11212
19196
78429
48449
60942
75255
90133
77250
11213
19197
78430
48450
60944
75256
90134
77251
11214
19198
78431
48451
60945
75257
90135
77252
11215
19199
78432
48453
60946
75258
90136
77253
11216
19200
78433
48454
60948
75259
90137
77254
11217
19201
78434
48455
60949
75260
90138
77255
11218
19202
78435
48456
60950
75261
90139
77256
11219
19203
78436
48457
60951
75262
90140
77257
11220
19204
78437
48458
60952
75263
90141
77258
11221
19205
78438
48460
60953
75264
90142
77259
11222
19206
78439
48461
60954
75265
90143
77260
11223
19207
78440
48462
60955
75266
90144
77261
11224
19208
78441
48463
60956
75267
90145
77262
11225
19209
78442
48464
60957
75268
90146
77263
11226
19210
78443
48465
60958
75269
90147
77264
11227
19211
78444
48466
60959
75270
90148
77265
11228
19212
78445
48468
60960
75271
90149
77266
11229
19213
78446
48469
60961
75272
90150
77267
11230
19214
78447
48470
60962
75273
90151
77268
11231
19215
78448
48471
60963
75274
90152
77269
11232
19216
78449
48472
60964
75275
90153
772